-33.775, 59.416, 99.568
-31.775, 59.404, 99.491
-29.775, 59.398, 99.403
-27.775, 59.398, 99.302
-25.775, 59.406, 99.188
-23.775, 59.423, 98.937
-21.775, 59.453, 98.813
-19.776, 59.497, 98.636
-17.777, 59.558, 98.695
-15.778, 59.635, 99.555
-13.78, 59.72, 99.006
-11.781, 59.797, 98.348
-9.782, 59.855, 98.243
-7.783, 59.89, 98.538
-5.783, 59.906, 98.893
-3.783, 59.907, 99.206
-1.783, 59.895, 99.334
0.217, 59.875, 99.444
2.217, 59.847, 99.537
4.217, 59.813, 99.68
6.216, 59.774, 99.68
8.216, 59.73, 99.733
10.215, 59.683, 99.777
12.215, 59.634, 99.813
14.214, 59.582, 97.245
16.213, 59.528, 94.597
18.213, 59.471, 91.872
20.212, 59.418, 89.065
22.212, 59.446, 86.166
24.211, 59.45, 83.166
26.211, 59.42, 80.054
28.209, 59.328, 76.815
30.203, 59.186, 73.435
32.192, 58.978, 69.891
34.17, 58.685, 66.159
36.127, 58.278, 62.203
38.046, 57.72, 57.979
39.895, 56.964, 53.424
41.594, 55.918, 48.452
42.993, 54.502, 42.916
43.842, 52.702, 51.409
44.047, 50.719, 68.535
43.733, 48.747, 75.739
43.106, 46.851, 85.751
42.279, 45.031, 89.01
41.318, 43.277, 93.33
40.26, 41.581, 94.765
39.139, 39.925, 95.886
37.97, 38.302, 96.776
36.765, 36.706, 97.497
35.532, 35.131, 98.094
34.278, 33.573, 98.598
33.009, 32.027, 99.034
31.73, 30.49, 99.423
30.444, 28.958, 99.779
29.155, 27.429, 99.886
27.866, 25.9, 99.56
26.579, 24.369, 99.233
25.299, 22.832, 98.896
24.027, 21.288, 98.538
22.768, 19.735, 98.148
21.524, 18.169, 97.714
20.298, 16.589, 97.539
19.717, 14.698, 99.108
19.26, 12.751, 98.932
18.815, 10.801, 98.729
18.385, 8.848, 98.495
17.973, 6.891, 98.226
17.585, 4.929, 97.565
17.224, 2.962, 97.162
16.894, 0.989, 96.705
16.601, -0.989, 95.607
16.362, -2.975, 94.957
16.176, -4.966, 94.237
16.068, -6.963, 92.592
16.046, -8.962, 90.722
16.131, -10.96, 88.762
16.349, -12.948, 87.819
16.719, -14.913, 86.196
17.261, -16.837, 84.992
17.981, -18.702, 85.292
18.873, -20.492, 86.436
19.918, -22.196, 88.181
21.094, -23.813, 90.211
22.373, -25.35, 92.249
23.731, -26.818, 94.108
25.149, -28.228, 95.066
26.667, -29.514, 92.37
28.411, -30.492, 92.283
30.109, -31.549, 92.184
31.748, -32.694, 91.935
33.328, -33.92, 91.776
34.846, -35.221, 91.363
36.286, -36.609, 89.615
37.654, -38.068, 86.735
38.925, -39.611, 83.756
40.103, -41.226, 80.667
41.169, -42.918, 77.455
42.099, -44.688, 74.104
42.875, -46.53, 70.595
43.46, -48.441, 66.903
43.806, -50.409, 62.997
43.834, -52.406, 58.834
43.445, -54.362, 54.358
42.549, -56.14, 49.489
41.156, -57.561, 55.449
39.4, -58.504, 64.339
37.472, -59.018, 73.366
35.481, -59.178, 100
33.481, -59.19, 100
31.481, -59.201, 100
29.481, -59.212, 100
27.481, -59.223, 100
25.481, -59.234, 100
23.481, -59.245, 100
21.481, -59.256, 100
19.481, -59.267, 100
17.481, -59.278, 100
15.481, -59.289, 100
13.481, -59.3, 100
11.481, -59.311, 100
9.481, -59.322, 100
7.481, -59.333, 100
5.481, -59.344, 100
3.481, -59.355, 100
1.481, -59.366, 100
-0.518, -59.365, 100
-2.515, -59.247, 100
-4.511, -59.128, 100
-6.508, -59.01, 100
-8.504, -58.892, 100
-10.501, -58.774, 100
-12.497, -58.656, 97.964
-14.494, -58.538, 95.336
-16.49, -58.42, 92.634
-18.487, -58.302, 89.85
-20.484, -58.184, 86.977
-22.48, -58.066, 84.006
-24.477, -57.948, 80.926
-26.473, -57.83, 77.724
-28.47, -57.712, 74.384
-30.466, -57.593, 70.887
-32.463, -57.475, 67.209
-34.459, -57.357, 63.317
-36.456, -57.239, 59.169
-38.375, -56.81, 54.786
-40.176, -55.942, 49.936
-41.925, -54.973, 44.562
-43.59, -53.867, 38.444
-45.08, -52.537, 31.156
-46.167, -50.871, 21.575
-46.394, -48.91, 31.867
-45.682, -47.054, 67.403
-44.502, -45.443, 81.515
-43.122, -43.996, 92.782
-41.653, -42.639, 96.958
-40.146, -41.324, 99.895
-38.629, -40.021, 97.788
-37.121, -38.708, 96.742
-35.64, -37.363, 94.718
-34.202, -35.974, 92.638
-32.821, -34.527, 90.39
-31.525, -33.004, 89.188
-30.334, -31.399, 86.668
-29.269, -29.707, 84.933
-28.342, -27.935, 99.964
-27.42, -26.16, 99.648
-26.499, -24.384, 99.275
-25.584, -22.606, 98.839
-24.68, -20.822, 98.332
-23.797, -19.028, 97.085
-22.94, -17.221, 96.337
-22.127, -15.393, 94.59
-21.367, -13.544, 92.562
-20.689, -11.662, 91.486
-20.107, -9.749, 89.37
-19.647, -7.804, 87.597
-19.331, -5.829, 86.544
-19.181, -3.835, 86.376
-19.208, -1.836, 86.797
-19.4, 0.154, 88.076
-19.744, 2.123, 89.87
-20.221, 4.065, 90.841
-20.816, 5.974, 92.741
-21.501, 7.853, 93.619
-22.266, 9.7, 95.163
-23.096, 11.52, 95.821
-23.976, 13.316, 96.405
-24.898, 15.091, 96.918
-25.856, 16.846, 97.366
-26.845, 18.585, 97.755
-27.859, 20.308, 98.091
-28.886, 22.024, 98.36
-29.905, 23.746, 98.166
-30.904, 25.478, 97.67
-31.881, 27.223, 95.034
-32.835, 28.981, 92.323
-33.762, 30.753, 89.529
-34.655, 32.542, 86.646
-35.508, 34.351, 83.663
-36.319, 36.179, 80.57
-37.075, 38.031, 77.354
-37.766, 39.907, 73.998
-38.372, 41.813, 70.482
-38.876, 43.748, 66.782
-39.245, 45.713, 62.865
-39.443, 47.702, 58.688
-39.406, 49.7, 54.191
-39.085, 51.672, 49.289
-38.426, 53.556, 43.843
-37.43, 55.287, 37.617
-36.154, 56.824, 30.127
-34.678, 58.171, 20
-34.376, 58.415, 0
-34.376, 58.415, 0
-18.801, 70.962, 0
endData
127
100
200
-33.775, 59.416, -6.531, 59.216, -20.754, 60.618, 20.113, 59.416
20.113, 59.416, 64.585, 60.618, 36.539, 37.982, 20.113, 16.347
20.113, 16.347, 13.502, -10.898, 14.504, -18.51, 26.323, -29.328
26.323, -29.328, 44.552, -38.743, 49.961, -58.575, 35.938, -59.176
35.938, -59.176, 17.809, -59.276, 17.809, -59.276, -0.321, -59.376
-0.321, -59.376, -18.951, -58.275, -18.951, -58.275, -37.581, -57.173
-37.581, -57.173, -58.615, -47.958, -36.579, -42.95, -29.167, -29.528
-29.167, -29.528, -18.25, -8.394, -13.943, -2.684, -28.366, 21.154
-28.366, 21.154, -42.789, 44.993, -41.287, 53.006, -34.376, 58.415
#PATH.JERRYIO-DATA {"appVersion":"0.6.0","format":"LemLib v0.4.x (inch, byte-voltage)","gc":{"robotWidth":18,"robotHeight":18,"robotIsHolonomic":false,"showRobot":true,"uol":2.54,"pointDensity":2,"controlMagnetDistance":1.968503937007874,"fieldImage":{"displayName":"VRC 2024 - Over Under","signature":"VRC 2024 - Over Under","origin":{"__type":"built-in"}}},"paths":[{"segments":[{"controls":[{"uid":"OBdF3KJWvp","x":-33.774771879383806,"y":59.41635432636557,"lock":false,"visible":true,"heading":0,"__type":"end-point"},{"uid":"8ZH79MNB1S","x":-6.530590529465675,"y":59.21602946349852,"lock":false,"visible":true,"__type":"control"},{"uid":"ywDVj51XXS","x":-20.753655793025874,"y":60.61830350356784,"lock":false,"visible":true,"__type":"control"},{"uid":"nyVHvcrIzi","x":20.11261623185132,"y":59.41635432636557,"lock":false,"visible":true,"heading":0,"__type":"end-point"}],"speedProfiles":[],"lookaheadKeyframes":[],"uid":"k552IjoEDF"},{"controls":[{"uid":"nyVHvcrIzi","x":20.11261623185132,"y":59.41635432636557,"lock":false,"visible":true,"heading":0,"__type":"end-point"},{"uid":"XqH6ncp0vK","x":64.58473578833532,"y":60.61830350356784,"lock":false,"visible":true,"__type":"control"},{"uid":"2klO1iZQuJ","x":36.53925498694902,"y":37.98159399959175,"lock":false,"visible":true,"__type":"control"},{"uid":"ZTx32CwzAg","x":20.11261623185132,"y":16.346508809950883,"lock":false,"visible":true,"heading":0,"__type":"end-point"}],"speedProfiles":[],"lookaheadKeyframes":[],"uid":"er0hIFNpgm"},{"controls":[{"uid":"ZTx32CwzAg","x":20.11261623185132,"y":16.346508809950883,"lock":false,"visible":true,"heading":0,"__type":"end-point"},{"uid":"es81brrlmT","x":13.501895757238833,"y":-10.897672539967248,"lock":false,"visible":true,"__type":"control"},{"uid":"xamQxcpnJM","x":14.503520071574059,"y":-18.51001732891496,"lock":false,"visible":true,"__type":"control"},{"uid":"IWpV2Era0X","x":26.322686980729717,"y":-29.327559923735393,"lock":false,"visible":true,"heading":0,"__type":"end-point"}],"speedProfiles":[],"lookaheadKeyframes":[],"uid":"38Jl8DXAs2"},{"controls":[{"uid":"IWpV2Era0X","x":26.322686980729717,"y":-29.327559923735393,"lock":false,"visible":true,"heading":0,"__type":"end-point"},{"uid":"fIhBt2kV1X","x":44.55224950163082,"y":-38.74282847848651,"lock":false,"visible":true,"__type":"control"},{"uid":"BgP5uoeJFk","x":49.96102079904104,"y":-58.57498990232398,"lock":false,"visible":true,"__type":"control"},{"uid":"aFKEEXASPM","x":35.93828039834788,"y":-59.17596449092511,"lock":false,"visible":true,"heading":0,"__type":"end-point"}],"speedProfiles":[],"lookaheadKeyframes":[],"uid":"UtXS4jwP3J"},{"controls":[{"uid":"aFKEEXASPM","x":35.93828039834788,"y":-59.17596449092511,"lock":false,"visible":true,"heading":0,"__type":"end-point"},{"uid":"vmFCxvCEGD","x":-0.32051978058727665,"y":-59.37628935379215,"lock":false,"visible":true,"heading":0,"__type":"end-point"}],"speedProfiles":[],"lookaheadKeyframes":[],"uid":"5PPguSyOHK"},{"controls":[{"uid":"vmFCxvCEGD","x":-0.32051978058727665,"y":-59.37628935379215,"lock":false,"visible":true,"heading":0,"__type":"end-point"},{"uid":"2Z1737MPIG","x":-37.58094427385766,"y":-57.172715862254655,"lock":false,"visible":true,"heading":0,"__type":"end-point"}],"speedProfiles":[],"lookaheadKeyframes":[],"uid":"gyXZXh4KUS"},{"controls":[{"uid":"2Z1737MPIG","x":-37.58094427385766,"y":-57.172715862254655,"lock":false,"visible":true,"heading":0,"__type":"end-point"},{"uid":"WkJpjtPmp8","x":-58.615054874897396,"y":-47.95777217037058,"lock":false,"visible":true,"__type":"control"},{"uid":"GV6ZBw9xuK","x":-36.57931995952244,"y":-42.94965059869446,"lock":false,"visible":true,"__type":"control"},{"uid":"HuoPPJrBre","x":-29.167300033441766,"y":-29.52788478660244,"lock":false,"visible":true,"heading":0,"__type":"end-point"}],"speedProfiles":[],"lookaheadKeyframes":[],"uid":"wevRUaac4X"},{"controls":[{"uid":"HuoPPJrBre","x":-29.167300033441766,"y":-29.52788478660244,"lock":false,"visible":true,"heading":0,"__type":"end-point"},{"uid":"ltKHXrrtQZ","x":-18.24959500718781,"y":-8.393611754129184,"lock":false,"visible":true,"__type":"control"},{"uid":"v9gPKc0mJd","x":-13.942610455546337,"y":-2.684353162418404,"lock":false,"visible":true,"__type":"control"},{"uid":"rmgU1BcJua","x":-28.366000581973587,"y":21.154305518759962,"lock":false,"visible":true,"heading":0,"__type":"end-point"}],"speedProfiles":[],"lookaheadKeyframes":[],"uid":"8Fkmn2pxUE"},{"controls":[{"uid":"rmgU1BcJua","x":-28.366000581973587,"y":21.154305518759962,"lock":false,"visible":true,"heading":0,"__type":"end-point"},{"uid":"JNSTlZWfR4","x":-42.78939070840083,"y":44.99296419993831,"lock":false,"visible":true,"__type":"control"},{"uid":"UcnbPZiG7E","x":-41.28695423689799,"y":53.00595871462013,"lock":false,"visible":true,"__type":"control"},{"uid":"mOoxzVS6TT","x":-34.37574646798494,"y":58.41473001203035,"lock":false,"visible":true,"heading":0,"__type":"end-point"}],"speedProfiles":[],"lookaheadKeyframes":[],"uid":"jhm76A6wco"}],"pc":{"speedLimit":{"minLimit":{"value":0,"label":"0"},"maxLimit":{"value":127,"label":"127"},"step":1,"from":20,"to":100},"bentRateApplicableRange":{"minLimit":{"value":0,"label":"0"},"maxLimit":{"value":1,"label":"1"},"step":0.001,"from":0,"to":0.1},"maxDecelerationRate":127},"name":"Path","uid":"f0kOmwwQJR","lock":false,"visible":true}]}